0 0 0
6 1 3 0 8 3 0 11 3 0 2 3 0 3 3 0 13 3 1 
6 13 3 0 13 3 0 6 3 0 5 3 0 7 3 0 3 3 1 
6 7 3 0 5 3 0 5 3 0 3 3 0 3 3 0 1 3 1 
6 11 3 0 9 3 0 13 3 0 13 3 0 9 3 0 13 3 1 
5 8 3 0 6 3 0 9 3 0 5 3 0 11 3 1 
5 12 3 0 2 3 0 7 3 0 13 3 0 1 3 1 
5 8 3 0 12 3 0 2 3 0 11 3 0 11 3 1 
5 10 3 0 2 3 0 1 3 0 10 3 0 6 3 1 
5 5 3 0 4 3 0 1 3 0 4 3 0 1 3 1 
5 3 3 0 10 3 0 11 3 0 6 3 0 5 3 1 
50 10 3 10 3 12 3 10 3 6 3 2 3 4 3 9 3 4 3 2 3 3 3 2 3 6 3 8 3 12 3 10 3 1 3 13 3 4 3 12 3 5 3 4 3 5 3 6 3 3 3 9 3 10 3 9 3 7 3 6 3 12 3 8 3 1 3 12 3 3 3 7 3 4 3 9 3 4 3 11 3 8 3 7 3 7 3 2 3 12 3 8 3 8 3 11 3 7 3 9 3 